# Created by Octave 4.0.0, Thu Dec 15 09:35:25 2016 GMT <jcharlet@jcharlet-ThinkPad-X250>
# name: v
# type: matrix
# rows: 10
# columns: 1
 3999
 3299
 3690
 2320
 5399
 2999
 3149
 1989
 2120
 2425


